safe pump#2_action trip_temperature trip_time predicted PFCL margin
0 91.000000 609.439143 0.000000 693.722742 -8.722742 
0 92.500000 609.439143 0.000000 693.021663 -8.021663 
0 94.000000 609.439143 0.000000 692.325901 -7.325901 
0 95.500000 609.439143 0.000000 691.636087 -6.636087 
0 97.000000 609.439143 0.000000 690.951730 -5.951730 
0 98.500000 609.439143 0.000000 690.270781 -5.270781 
0 100.000000 609.439143 0.000000 689.589354 -4.589354 
0 101.500000 609.439143 0.000000 688.901652 -3.901652 
0 103.000000 609.439143 0.000000 688.200162 -3.200162 
0 104.500000 609.439143 0.000000 687.476098 -2.476098 
0 106.000000 609.439143 0.000000 686.720048 -1.720048 
0 107.500000 609.439143 0.000000 685.922751 -0.922751 
0 109.000000 609.439143 0.000000 685.075892 -0.075892 
1 110.500000 609.439143 0.000000 684.172837 0.827163 
1 112.000000 609.439143 0.000000 683.209209 1.790791 
1 113.500000 609.439143 0.000000 682.183263 2.816737 
1 115.000000 609.439143 0.000000 681.096027 3.903973 
1 116.500000 609.439143 0.000000 679.951198 5.048802 
1 118.000000 609.439143 0.000000 678.754826 6.245174 
1 119.500000 609.439143 0.000000 677.514829 7.485171 
1 121.000000 609.439143 0.000000 676.240383 8.759617 
1 122.500000 609.439143 0.000000 674.941278 10.058722 
1 124.000000 609.439143 0.000000 673.627283 11.372717 
1 125.500000 609.439143 0.000000 672.307593 12.692407 
1 127.000000 609.439143 0.000000 670.990374 14.009626 
1 128.500000 609.439143 0.000000 669.682458 15.317542 
1 130.000000 609.439143 0.000000 668.389160 16.610840 
1 131.500000 609.439143 0.000000 667.114222 17.885778 
1 133.000000 609.439143 0.000000 665.859858 19.140142 
1 134.500000 609.439143 0.000000 664.626865 20.373135 
1 136.000000 609.439143 0.000000 663.414791 21.585209 
1 137.500000 609.439143 0.000000 662.222121 22.777879 
0 91.000000 611.876590 3.483423 692.918537 -7.918537 
0 92.500000 611.876590 3.483423 692.263101 -7.263101 
0 94.000000 611.876590 3.483423 691.614321 -6.614321 
0 95.500000 611.876590 3.483423 690.973346 -5.973346 
0 97.000000 611.876590 3.483423 690.340592 -5.340592 
0 98.500000 611.876590 3.483423 689.715251 -4.715251 
0 100.000000 611.876590 3.483423 689.094879 -4.094879 
0 101.500000 611.876590 3.483423 688.475137 -3.475137 
0 103.000000 611.876590 3.483423 687.849769 -2.849769 
0 104.500000 611.876590 3.483423 687.210842 -2.210842 
0 106.000000 611.876590 3.483423 686.549231 -1.549231 
0 107.500000 611.876590 3.483423 685.855303 -0.855303 
0 109.000000 611.876590 3.483423 685.119712 -0.119712 
1 110.500000 611.876590 3.483423 684.334199 0.665801 
1 112.000000 611.876590 3.483423 683.492309 1.507691 
1 113.500000 611.876590 3.483423 682.589952 2.410048 
1 115.000000 611.876590 3.483423 681.625749 3.374251 
1 116.500000 611.876590 3.483423 680.601135 4.398865 
1 118.000000 611.876590 3.483423 679.520238 5.479762 
1 119.500000 611.876590 3.483423 678.389530 6.610470 
1 121.000000 611.876590 3.483423 677.217321 7.782679 
1 122.500000 611.876590 3.483423 676.013138 8.986862 
1 124.000000 611.876590 3.483423 674.787062 10.212938 
1 125.500000 611.876590 3.483423 673.549085 11.450915 
1 127.000000 611.876590 3.483423 672.308547 12.691453 
1 128.500000 611.876590 3.483423 671.073679 13.926321 
1 130.000000 611.876590 3.483423 669.851285 15.148715 
1 131.500000 611.876590 3.483423 668.646557 16.353443 
1 133.000000 611.876590 3.483423 667.463014 17.536986 
1 134.500000 611.876590 3.483423 666.302541 18.697459 
1 136.000000 611.876590 3.483423 665.165507 19.834493 
1 137.500000 611.876590 3.483423 664.050923 20.949077 
0 91.000000 614.314037 6.749055 692.133486 -7.133486 
0 92.500000 614.314037 6.749055 691.517550 -6.517550 
0 94.000000 614.314037 6.749055 690.909050 -5.909050 
0 95.500000 614.314037 6.749055 690.309371 -5.309371 
0 97.000000 614.314037 6.749055 689.719561 -4.719561 
0 98.500000 614.314037 6.749055 689.139836 -4.139836 
0 100.000000 614.314037 6.749055 688.569097 -3.569097 
0 101.500000 614.314037 6.749055 688.004535 -3.004535 
0 103.000000 614.314037 6.749055 687.441412 -2.441412 
0 104.500000 614.314037 6.749055 686.873083 -1.873083 
0 106.000000 614.314037 6.749055 686.291280 -1.291280 
0 107.500000 614.314037 6.749055 685.686642 -0.686642 
0 109.000000 614.314037 6.749055 685.049424 -0.049424 
1 110.500000 614.314037 6.749055 684.370302 0.629698 
1 112.000000 614.314037 6.749055 683.641170 1.358830 
1 113.500000 614.314037 6.749055 682.855836 2.144164 
1 115.000000 614.314037 6.749055 682.010557 2.989443 
1 116.500000 614.314037 6.749055 681.104353 3.895647 
1 118.000000 614.314037 6.749055 680.139082 4.860918 
1 119.500000 614.314037 6.749055 679.119284 5.880716 
1 121.000000 614.314037 6.749055 678.051815 6.948185 
1 122.500000 614.314037 6.749055 676.945320 8.054680 
1 124.000000 614.314037 6.749055 675.809595 9.190405 
1 125.500000 614.314037 6.749055 674.654917 10.345083 
1 127.000000 614.314037 6.749055 673.491391 11.508609 
1 128.500000 614.314037 6.749055 672.328378 12.671622 
1 130.000000 614.314037 6.749055 671.174039 13.825961 
1 131.500000 614.314037 6.749055 670.035008 14.964992 
1 133.000000 614.314037 6.749055 668.916205 16.083795 
1 134.500000 614.314037 6.749055 667.820782 17.179218 
1 136.000000 614.314037 6.749055 666.750157 18.249843 
1 137.500000 614.314037 6.749055 665.704138 19.295862 
0 91.000000 616.751484 9.472468 691.371642 -6.371642 
0 92.500000 616.751484 9.472468 690.790014 -5.790014 
0 94.000000 616.751484 9.472468 690.216246 -5.216246 
0 95.500000 616.751484 9.472468 689.651697 -4.651697 
0 97.000000 616.751484 9.472468 689.097746 -4.097746 
0 98.500000 616.751484 9.472468 688.555344 -3.555344 
0 100.000000 616.751484 9.472468 688.024512 -3.024512 
0 101.500000 616.751484 9.472468 687.503873 -2.503873 
0 103.000000 616.751484 9.472468 686.990284 -1.990284 
0 104.500000 616.751484 9.472468 686.478655 -1.478655 
0 106.000000 616.751484 9.472468 685.962022 -0.962022 
0 107.500000 616.751484 9.472468 685.431872 -0.431872 
1 109.000000 616.751484 9.472468 684.878710 0.121290 
1 110.500000 616.751484 9.472468 684.292787 0.707213 
1 112.000000 616.751484 9.472468 683.664908 1.335092 
1 113.500000 616.751484 9.472468 682.987213 2.012787 
1 115.000000 616.751484 9.472468 682.253851 2.746149 
1 116.500000 616.751484 9.472468 681.461477 3.538523 
1 118.000000 616.751484 9.472468 680.609536 4.390464 
1 119.500000 616.751484 9.472468 679.700306 5.299694 
1 121.000000 616.751484 9.472468 678.738715 6.261285 
1 122.500000 616.751484 9.472468 677.731955 7.268045 
1 124.000000 616.751484 9.472468 676.688933 8.311067 
1 125.500000 616.751484 9.472468 675.619630 9.380370 
1 127.000000 616.751484 9.472468 674.534415 10.465585 
1 128.500000 616.751484 9.472468 673.443391 11.556609 
1 130.000000 616.751484 9.472468 672.355818 12.644182 
1 131.500000 616.751484 9.472468 671.279650 13.720350 
1 133.000000 616.751484 9.472468 670.221217 14.778783 
1 134.500000 616.751484 9.472468 669.185035 15.814965 
1 136.000000 616.751484 9.472468 668.173753 16.826247 
1 137.500000 616.751484 9.472468 667.188205 17.811795 
0 91.000000 619.188931 11.999512 690.634867 -5.634867 
0 92.500000 619.188931 11.999512 690.083126 -5.083126 
0 94.000000 619.188931 11.999512 689.539494 -4.539494 
0 95.500000 619.188931 11.999512 689.005087 -4.005087 
0 97.000000 619.188931 11.999512 688.481334 -3.481334 
0 98.500000 619.188931 11.999512 687.969598 -2.969598 
0 100.000000 619.188931 11.999512 687.470724 -2.470724 
0 101.500000 619.188931 11.999512 686.984534 -1.984534 
0 103.000000 619.188931 11.999512 686.509383 -1.509383 
0 104.500000 619.188931 11.999512 686.041820 -1.041820 
0 106.000000 619.188931 11.999512 685.576456 -0.576456 
0 107.500000 619.188931 11.999512 685.106079 -0.106079 
1 109.000000 619.188931 11.999512 684.622028 0.377972 
1 110.500000 619.188931 11.999512 684.114780 0.885220 
1 112.000000 619.188931 11.999512 683.574694 1.425306 
1 113.500000 619.188931 11.999512 682.992811 2.007189 
1 115.000000 619.188931 11.999512 682.361608 2.638392 
1 116.500000 619.188931 11.999512 681.675645 3.324355 
1 118.000000 619.188931 11.999512 680.932020 4.067980 
1 119.500000 619.188931 11.999512 680.130620 4.869380 
1 121.000000 619.188931 11.999512 679.274131 5.725869 
1 122.500000 619.188931 11.999512 678.367833 6.632167 
1 124.000000 619.188931 11.999512 677.419188 7.580812 
1 125.500000 619.188931 11.999512 676.437291 8.562709 
1 127.000000 619.188931 11.999512 675.432209 9.567791 
1 128.500000 619.188931 11.999512 674.414293 10.585707 
1 130.000000 619.188931 11.999512 673.393525 11.606475 
1 131.500000 619.188931 11.999512 672.378937 12.621063 
1 133.000000 619.188931 11.999512 671.378151 13.621849 
1 134.500000 619.188931 11.999512 670.397058 14.602942 
1 136.000000 619.188931 11.999512 669.439648 15.560352 
1 137.500000 619.188931 11.999512 668.507956 16.492044 
0 91.000000 621.626378 14.277337 689.923266 -4.923266 
0 92.500000 621.626378 14.277337 689.397599 -4.397599 
0 94.000000 621.626378 14.277337 688.880252 -3.880252 
0 95.500000 621.626378 14.277337 688.371943 -3.371943 
0 97.000000 621.626378 14.277337 687.873914 -2.873914 
0 98.500000 621.626378 14.277337 687.387645 -2.387645 
0 100.000000 621.626378 14.277337 686.914465 -1.914465 
0 101.500000 621.626378 14.277337 686.455091 -1.455091 
0 103.000000 621.626378 14.277337 686.009139 -1.009139 
0 104.500000 621.626378 14.277337 685.574702 -0.574702 
0 106.000000 621.626378 14.277337 685.148055 -0.148055 
1 107.500000 621.626378 14.277337 684.723566 0.276434 
1 109.000000 621.626378 14.277337 684.293863 0.706137 
1 110.500000 621.626378 14.277337 683.850234 1.149766 
1 112.000000 621.626378 14.277337 683.383245 1.616755 
1 113.500000 621.626378 14.277337 682.883483 2.116517 
1 115.000000 621.626378 14.277337 682.342328 2.657672 
1 116.500000 621.626378 14.277337 681.752688 3.247312 
1 118.000000 621.626378 14.277337 681.109596 3.890404 
1 119.500000 621.626378 14.277337 680.410629 4.589371 
1 121.000000 621.626378 14.277337 679.656122 5.343878 
1 122.500000 621.626378 14.277337 678.849144 6.150856 
1 124.000000 621.626378 14.277337 677.995274 7.004726 
1 125.500000 621.626378 14.277337 677.102175 7.897825 
1 127.000000 621.626378 14.277337 676.179031 8.820969 
1 128.500000 621.626378 14.277337 675.235886 9.764114 
1 130.000000 621.626378 14.277337 674.282957 10.717043 
1 131.500000 621.626378 14.277337 673.329975 11.670025 
1 133.000000 621.626378 14.277337 672.385615 12.614385 
1 134.500000 621.626378 14.277337 671.457037 13.542963 
1 136.000000 621.626378 14.277337 670.549577 14.450423 
1 137.500000 621.626378 14.277337 669.666586 15.333414 
0 91.000000 624.063825 16.299673 689.235586 -4.235586 
0 92.500000 624.063825 16.299673 688.732647 -3.732647 
0 94.000000 624.063825 16.299673 688.238295 -3.238295 
0 95.500000 624.063825 16.299673 687.752757 -2.752757 
0 97.000000 624.063825 16.299673 687.276915 -2.276915 
0 98.500000 624.063825 16.299673 686.812110 -1.812110 
0 100.000000 624.063825 16.299673 686.359844 -1.359844 
0 101.500000 624.063825 16.299673 685.921381 -0.921381 
0 103.000000 624.063825 16.299673 685.497285 -0.497285 
0 104.500000 624.063825 16.299673 685.086960 -0.086960 
1 106.000000 624.063825 16.299673 684.688251 0.311749 
1 107.500000 624.063825 16.299673 684.297200 0.702800 
1 109.000000 624.063825 16.299673 683.908004 1.091996 
1 110.500000 624.063825 16.299673 683.513222 1.486778 
1 112.000000 624.063825 16.299673 683.104212 1.895788 
1 113.500000 624.063825 16.299673 682.671755 2.328245 
1 115.000000 624.063825 16.299673 682.206781 2.793219 
1 116.500000 624.063825 16.299673 681.701124 3.298876 
1 118.000000 624.063825 16.299673 681.148206 3.851794 
1 119.500000 624.063825 16.299673 680.543589 4.456411 
1 121.000000 624.063825 16.299673 679.885354 5.114646 
1 122.500000 624.063825 16.299673 679.174271 5.825729 
1 124.000000 624.063825 16.299673 678.413752 6.586248 
1 125.500000 624.063825 16.299673 677.609604 7.390396 
1 127.000000 624.063825 16.299673 676.769594 8.230406 
1 128.500000 624.063825 16.299673 675.902885 9.097115 
1 130.000000 624.063825 16.299673 675.019370 9.980630 
1 131.500000 624.063825 16.299673 674.128997 10.871003 
1 133.000000 624.063825 16.299673 673.241113 11.758887 
1 134.500000 624.063825 16.299673 672.363901 12.636099 
1 136.000000 624.063825 16.299673 671.503939 13.496061 
1 137.500000 624.063825 16.299673 670.665900 14.334100 
0 91.000000 626.501272 18.130007 688.569550 -3.569550 
0 92.500000 626.501272 18.130007 688.086359 -3.086359 
0 94.000000 626.501272 18.130007 687.612131 -2.612131 
0 95.500000 626.501272 18.130007 687.146561 -2.146561 
0 97.000000 626.501272 18.130007 686.690061 -1.690061 
0 98.500000 626.501272 18.130007 686.243646 -1.243646 
0 100.000000 626.501272 18.130007 685.808722 -0.808722 
0 101.500000 626.501272 18.130007 685.386776 -0.386776 
1 103.000000 626.501272 18.130007 684.978969 0.021031 
1 104.500000 626.501272 18.130007 684.585696 0.414304 
1 106.000000 626.501272 18.130007 684.206142 0.793858 
1 107.500000 626.501272 18.130007 683.837932 1.162068 
1 109.000000 626.501272 18.130007 683.476933 1.523067 
1 110.500000 626.501272 18.130007 683.117257 1.882743 
1 112.000000 626.501272 18.130007 682.751510 2.248490 
1 113.500000 626.501272 18.130007 682.371247 2.628753 
1 115.000000 626.501272 18.130007 681.967596 3.032404 
1 116.500000 626.501272 18.130007 681.531960 3.468040 
1 118.000000 626.501272 18.130007 681.056729 3.943271 
1 119.500000 626.501272 18.130007 680.535915 4.464085 
1 121.000000 626.501272 18.130007 679.965651 5.034349 
1 122.500000 626.501272 18.130007 679.344525 5.655475 
1 124.000000 626.501272 18.130007 678.673708 6.326292 
1 125.500000 626.501272 18.130007 677.956887 7.043113 
1 127.000000 626.501272 18.130007 677.199998 7.800002 
1 128.500000 626.501272 18.130007 676.410795 8.589205 
1 130.000000 626.501272 18.130007 675.598277 9.401723 
1 131.500000 626.501272 18.130007 674.772043 10.227957 
1 133.000000 626.501272 18.130007 673.941622 11.058378 
1 134.500000 626.501272 18.130007 673.115837 11.884163 
1 136.000000 626.501272 18.130007 672.302253 12.697747 
1 137.500000 626.501272 18.130007 671.506762 13.493238 
0 91.000000 628.938719 19.791505 687.922126 -2.922126 
0 92.500000 628.938719 19.791505 687.456007 -2.456007 
0 94.000000 628.938719 19.791505 686.999348 -1.999348 
0 95.500000 628.938719 19.791505 686.551319 -1.551319 
0 97.000000 628.938719 19.791505 686.111811 -1.111811 
0 98.500000 628.938719 19.791505 685.681391 -0.681391 
0 100.000000 628.938719 19.791505 685.261171 -0.261171 
1 101.500000 628.938719 19.791505 684.852578 0.147422 
1 103.000000 628.938719 19.791505 684.457041 0.542959 
1 104.500000 628.938719 19.791505 684.075588 0.924412 
1 106.000000 628.938719 19.791505 683.708428 1.291572 
1 107.500000 628.938719 19.791505 683.354543 1.645457 
1 109.000000 628.938719 19.791505 683.011383 1.988617 
1 110.500000 628.938719 19.791505 682.674715 2.325285 
1 112.000000 628.938719 19.791505 682.338674 2.661326 
1 113.500000 628.938719 19.791505 681.996044 3.003956 
1 115.000000 628.938719 19.791505 681.638718 3.361282 
1 116.500000 628.938719 19.791505 681.258309 3.741691 
1 118.000000 628.938719 19.791505 680.846816 4.153184 
1 119.500000 628.938719 19.791505 680.397277 4.602723 
1 121.000000 628.938719 19.791505 679.904352 5.095648 
1 122.500000 628.938719 19.791505 679.364762 5.635238 
1 124.000000 628.938719 19.791505 678.777571 6.222429 
1 125.500000 628.938719 19.791505 678.144286 6.855714 
1 127.000000 628.938719 19.791505 677.468765 7.531235 
1 128.500000 628.938719 19.791505 676.756945 8.243055 
1 130.000000 628.938719 19.791505 676.016408 8.983592 
1 131.500000 628.938719 19.791505 675.255833 9.744167 
1 133.000000 628.938719 19.791505 674.484361 10.515639 
1 134.500000 628.938719 19.791505 673.710952 11.289048 
1 136.000000 628.938719 19.791505 672.943770 12.056230 
1 137.500000 628.938719 19.791505 672.189666 12.810334 
0 91.000000 631.376166 21.273931 687.289731 -2.289731 
0 92.500000 631.376166 21.273931 686.838279 -1.838279 
0 94.000000 631.376166 21.273931 686.396893 -1.396893 
0 95.500000 631.376166 21.273931 685.964258 -0.964258 
0 97.000000 631.376166 21.273931 685.539742 -0.539742 
0 98.500000 631.376166 21.273931 685.123405 -0.123405 
1 100.000000 631.376166 21.273931 684.715930 0.284070 
1 101.500000 631.376166 21.273931 684.318480 0.681520 
1 103.000000 631.376166 21.273931 683.932459 1.067541 
1 104.500000 631.376166 21.273931 683.559196 1.440804 
1 106.000000 631.376166 21.273931 683.199569 1.800431 
1 107.500000 631.376166 21.273931 682.853600 2.146400 
1 109.000000 631.376166 21.273931 682.520103 2.479897 
1 110.500000 631.376166 21.273931 682.196416 2.803584 
1 112.000000 631.376166 21.273931 681.878308 3.121692 
1 113.500000 631.376166 21.273931 681.560066 3.439934 
1 115.000000 631.376166 21.273931 681.234794 3.765206 
1 116.500000 631.376166 21.273931 680.894871 4.105129 
1 118.000000 631.376166 21.273931 680.532526 4.467474 
1 119.500000 631.376166 21.273931 680.140460 4.859540 
1 121.000000 631.376166 21.273931 679.712432 5.287568 
1 122.500000 631.376166 21.273931 679.243772 5.756228 
1 124.000000 631.376166 21.273931 678.731764 6.268236 
1 125.500000 631.376166 21.273931 678.175884 6.824116 
1 127.000000 631.376166 21.273931 677.577862 7.422138 
1 128.500000 631.376166 21.273931 676.941587 8.058413 
1 130.000000 631.376166 21.273931 676.272825 8.727175 
1 131.500000 631.376166 21.273931 675.578817 9.421183 
1 133.000000 631.376166 21.273931 674.867741 10.132259 
1 134.500000 631.376166 21.273931 674.148118 10.851882 
1 136.000000 631.376166 21.273931 673.428205 11.571795 
1 137.500000 631.376166 21.273931 672.715412 12.284588 
0 91.000000 633.813613 22.587393 686.668384 -1.668384 
0 92.500000 633.813613 22.587393 686.229453 -1.229453 
0 94.000000 633.813613 22.587393 685.801283 -0.801283 
0 95.500000 633.813613 22.587393 685.382127 -0.382127 
1 97.000000 633.813613 22.587393 684.970867 0.029133 
1 98.500000 633.813613 22.587393 684.567045 0.432955 
1 100.000000 633.813613 22.587393 684.170848 0.829152 
1 101.500000 633.813613 22.587393 683.783034 1.216966 
1 103.000000 633.813613 22.587393 683.404768 1.595232 
1 104.500000 633.813613 22.587393 683.037392 1.962608 
1 106.000000 633.813613 22.587393 682.682111 2.317889 
1 107.500000 633.813613 22.587393 682.339640 2.660360 
1 109.000000 633.813613 22.587393 682.009845 2.990155 
1 110.500000 633.813613 22.587393 681.691422 3.308578 
1 112.000000 633.813613 22.587393 681.381692 3.618308 
1 113.500000 633.813613 22.587393 681.076546 3.923454 
1 115.000000 633.813613 22.587393 680.770563 4.229437 
1 116.500000 633.813613 22.587393 680.457314 4.542686 
1 118.000000 633.813613 22.587393 680.129801 4.870199 
1 119.500000 633.813613 22.587393 679.780987 5.219013 
1 121.000000 633.813613 22.587393 679.404349 5.595651 
1 122.500000 633.813613 22.587393 678.994393 6.005607 
1 124.000000 633.813613 22.587393 678.547098 6.452902 
1 125.500000 633.813613 22.587393 678.060241 6.939759 
1 127.000000 633.813613 22.587393 677.533590 7.466410 
1 128.500000 633.813613 22.587393 676.968948 8.031052 
1 130.000000 633.813613 22.587393 676.370052 8.629948 
1 131.500000 633.813613 22.587393 675.742314 9.257686 
1 133.000000 633.813613 22.587393 675.092441 9.907559 
1 134.500000 633.813613 22.587393 674.427945 10.572055 
1 136.000000 633.813613 22.587393 673.756595 11.243405 
1 137.500000 633.813613 22.587393 673.085856 11.914144 
0 91.000000 636.251060 23.780556 686.053799 -1.053799 
0 92.500000 636.251060 23.780556 685.625521 -0.625521 
0 94.000000 636.251060 23.780556 685.208754 -0.208754 
1 95.500000 636.251060 23.780556 684.801393 0.198607 
1 97.000000 636.251060 23.780556 684.401883 0.598117 
1 98.500000 636.251060 23.780556 684.009276 0.990724 
1 100.000000 636.251060 23.780556 683.623254 1.376746 
1 101.500000 636.251060 23.780556 683.244093 1.755907 
1 103.000000 636.251060 23.780556 682.872579 2.127421 
1 104.500000 636.251060 23.780556 682.509843 2.490157 
1 106.000000 636.251060 23.780556 682.157133 2.842867 
1 107.500000 636.251060 23.780556 681.815519 3.184481 
1 109.000000 636.251060 23.780556 681.485573 3.514427 
1 110.500000 636.251060 23.780556 681.167046 3.832954 
1 112.000000 636.251060 23.780556 680.858600 4.141400 
1 113.500000 636.251060 23.780556 680.557649 4.442351 
1 115.000000 636.251060 23.780556 680.260335 4.739665 
1 116.500000 636.251060 23.780556 679.961673 5.038327 
1 118.000000 636.251060 23.780556 679.655837 5.344163 
1 119.500000 636.251060 23.780556 679.336566 5.663434 
1 121.000000 636.251060 23.780556 678.997630 6.002370 
1 122.500000 636.251060 23.780556 678.633307 6.366693 
1 124.000000 636.251060 23.780556 678.238829 6.761171 
1 125.500000 636.251060 23.780556 677.810744 7.189256 
1 127.000000 636.251060 23.780556 677.347198 7.652802 
1 128.500000 636.251060 23.780556 676.848089 8.151911 
1 130.000000 636.251060 23.780556 676.315104 8.684896 
1 131.500000 636.251060 23.780556 675.751634 9.248366 
1 133.000000 636.251060 23.780556 675.162546 9.837454 
1 134.500000 636.251060 23.780556 674.553847 10.446153 
1 136.000000 636.251060 23.780556 673.932260 11.067740 
1 137.500000 636.251060 23.780556 673.304726 11.695274 
0 91.000000 638.688507 24.919496 685.441449 -0.441449 
0 92.500000 638.688507 24.919496 685.022258 -0.022258 
1 94.000000 638.688507 24.919496 684.615363 0.384637 
1 95.500000 638.688507 24.919496 684.218366 0.781634 
1 97.000000 638.688507 24.919496 683.829344 1.170656 
1 98.500000 638.688507 24.919496 683.446912 1.553088 
1 100.000000 638.688507 24.919496 683.070268 1.929732 
1 101.500000 638.688507 24.919496 682.699193 2.300807 
1 103.000000 638.688507 24.919496 682.334016 2.665984 
1 104.500000 638.688507 24.919496 681.975513 3.024487 
1 106.000000 638.688507 24.919496 681.624753 3.375247 
1 107.500000 638.688507 24.919496 681.282877 3.717123 
1 109.000000 638.688507 24.919496 680.950832 4.049168 
1 110.500000 638.688507 24.919496 680.629082 4.370918 
1 112.000000 638.688507 24.919496 680.317331 4.682669 
1 113.500000 638.688507 24.919496 680.014304 4.985696 
1 115.000000 638.688507 24.919496 679.717625 5.282375 
1 116.500000 638.688507 24.919496 679.423818 5.576182 
1 118.000000 638.688507 24.919496 679.128458 5.871542 
1 119.500000 638.688507 24.919496 678.826424 6.173576 
1 121.000000 638.688507 24.919496 678.512259 6.487741 
1 122.500000 638.688507 24.919496 678.180558 6.819442 
1 124.000000 638.688507 24.919496 677.826373 7.173627 
1 125.500000 638.688507 24.919496 677.445569 7.554431 
1 127.000000 638.688507 24.919496 677.035138 7.964862 
1 128.500000 638.688507 24.919496 676.593421 8.406579 
1 130.000000 638.688507 24.919496 676.120258 8.879742 
1 131.500000 638.688507 24.919496 675.617028 9.382972 
1 133.000000 638.688507 24.919496 675.086590 9.913410 
1 134.500000 638.688507 24.919496 674.533110 10.466890 
1 136.000000 638.688507 24.919496 673.961791 11.038209 
1 137.500000 638.688507 24.919496 673.378506 11.621494 
1 91.000000 641.125954 26.062177 684.826585 0.173415 
1 92.500000 641.125954 26.062177 684.415263 0.584737 
1 94.000000 641.125954 26.062177 684.017040 0.982960 
1 95.500000 641.125954 26.062177 683.629290 1.370710 
1 97.000000 641.125954 26.062177 683.249790 1.750210 
1 98.500000 641.125954 26.062177 682.876784 2.123216 
1 100.000000 641.125954 26.062177 682.509038 2.490962 
1 101.500000 641.125954 26.062177 682.145861 2.854139 
1 103.000000 641.125954 26.062177 681.787106 3.212894 
1 104.500000 641.125954 26.062177 681.433118 3.566882 
1 106.000000 641.125954 26.062177 681.084641 3.915359 
1 107.500000 641.125954 26.062177 680.742665 4.257335 
1 109.000000 641.125954 26.062177 680.408231 4.591769 
1 110.500000 641.125954 26.062177 680.082190 4.917810 
1 112.000000 641.125954 26.062177 679.764952 5.235048 
1 113.500000 641.125954 26.062177 679.456255 5.543745 
1 115.000000 641.125954 26.062177 679.154983 5.845017 
1 116.500000 641.125954 26.062177 678.859078 6.140922 
1 118.000000 641.125954 26.062177 678.565554 6.434446 
1 119.500000 641.125954 26.062177 678.270627 6.729373 
1 121.000000 641.125954 26.062177 677.969936 7.030064 
1 122.500000 641.125954 26.062177 677.658832 7.341168 
1 124.000000 641.125954 26.062177 677.332696 7.667304 
1 125.500000 641.125954 26.062177 676.987253 8.012747 
1 127.000000 641.125954 26.062177 676.618872 8.381128 
1 128.500000 641.125954 26.062177 676.224812 8.775188 
1 130.000000 641.125954 26.062177 675.803428 9.196572 
1 131.500000 641.125954 26.062177 675.354318 9.645682 
1 133.000000 641.125954 26.062177 674.878381 10.121619 
1 134.500000 641.125954 26.062177 674.377814 10.622186 
1 136.000000 641.125954 26.062177 673.855998 11.144002 
1 137.500000 641.125954 26.062177 673.317301 11.682699 
1 91.000000 643.563401 27.249328 684.204231 0.795769 
1 92.500000 643.563401 27.249328 683.799965 1.200035 
1 94.000000 643.563401 27.249328 683.409612 1.590388 
1 95.500000 643.563401 27.249328 683.030381 1.969619 
1 97.000000 643.563401 27.249328 682.659815 2.340185 
1 98.500000 643.563401 27.249328 682.295858 2.704142 
1 100.000000 643.563401 27.249328 681.936908 3.063092 
1 101.500000 643.563401 27.249328 681.581855 3.418145 
1 103.000000 643.563401 27.249328 681.230096 3.769904 
1 104.500000 643.563401 27.249328 680.881525 4.118475 
1 106.000000 643.563401 27.249328 680.536481 4.463519 
1 107.500000 643.563401 27.249328 680.195661 4.804339 
1 109.000000 643.563401 27.249328 679.859979 5.140021 
1 110.500000 643.563401 27.249328 679.530390 5.469610 
1 112.000000 643.563401 27.249328 679.207688 5.792312 
1 113.500000 643.563401 27.249328 678.892287 6.107713 
1 115.000000 643.563401 27.249328 678.584032 6.415968 
1 116.500000 643.563401 27.249328 678.282047 6.717953 
1 118.000000 643.563401 27.249328 677.984670 7.015330 
1 119.500000 643.563401 27.249328 677.689464 7.310536 
1 121.000000 643.563401 27.249328 677.393318 7.606682 
1 122.500000 643.563401 27.249328 677.092618 7.907382 
1 124.000000 643.563401 27.249328 676.783470 8.216530 
1 125.500000 643.563401 27.249328 676.461935 8.538065 
1 127.000000 643.563401 27.249328 676.124278 8.875722 
1 128.500000 643.563401 27.249328 675.767204 9.232796 
1 130.000000 643.563401 27.249328 675.388069 9.611931 
1 131.500000 643.563401 27.249328 674.985078 10.014922 
1 133.000000 643.563401 27.249328 674.557440 10.442560 
1 134.500000 643.563401 27.249328 674.105477 10.894523 
1 136.000000 643.563401 27.249328 673.630670 11.369330 
1 137.500000 643.563401 27.249328 673.135621 11.864379 
1 91.000000 646.000848 28.501598 683.569154 1.430846 
1 92.500000 646.000848 28.501598 683.171596 1.828404 
1 94.000000 646.000848 28.501598 682.788794 2.211206 
1 95.500000 646.000848 28.501598 682.417839 2.582161 
1 97.000000 646.000848 28.501598 682.056105 2.943895 
1 98.500000 646.000848 28.501598 681.701302 3.298698 
1 100.000000 646.000848 28.501598 681.351532 3.648468 
1 101.500000 646.000848 28.501598 681.005328 3.994672 
1 103.000000 646.000848 28.501598 680.661684 4.338316 
1 104.500000 646.000848 28.501598 680.320062 4.679938 
1 106.000000 646.000848 28.501598 679.980374 5.019626 
1 107.500000 646.000848 28.501598 679.642939 5.357061 
1 109.000000 646.000848 28.501598 679.308397 5.691603 
1 110.500000 646.000848 28.501598 678.977589 6.022411 
1 112.000000 646.000848 28.501598 678.651407 6.348593 
1 113.500000 646.000848 28.501598 678.330615 6.669385 
1 115.000000 646.000848 28.501598 678.015678 6.984322 
1 116.500000 646.000848 28.501598 677.706592 7.293408 
1 118.000000 646.000848 28.501598 677.402769 7.597231 
1 119.500000 646.000848 28.501598 677.102973 7.897027 
1 121.000000 646.000848 28.501598 676.805317 8.194683 
1 122.500000 646.000848 28.501598 676.507335 8.492665 
1 124.000000 646.000848 28.501598 676.206093 8.793907 
1 125.500000 646.000848 28.501598 675.898345 9.101655 
1 127.000000 646.000848 28.501598 675.580704 9.419296 
1 128.500000 646.000848 28.501598 675.249823 9.750177 
1 130.000000 646.000848 28.501598 674.902590 10.097410 
1 131.500000 646.000848 28.501598 674.536326 10.463674 
1 133.000000 646.000848 28.501598 674.148976 10.851024 
1 134.500000 646.000848 28.501598 673.739300 11.260700 
1 136.000000 646.000848 28.501598 673.307027 11.692973 
1 137.500000 646.000848 28.501598 672.852963 12.147037 
1 91.000000 648.438295 29.812182 682.915802 2.084198 
1 92.500000 648.438295 29.812182 682.525154 2.474846 
1 94.000000 648.438295 29.812182 682.150158 2.849842 
1 95.500000 648.438295 29.812182 681.787835 3.212165 
1 97.000000 648.438295 29.812182 681.435439 3.564561 
1 98.500000 648.438295 29.812182 681.090513 3.909487 
1 100.000000 648.438295 29.812182 680.750929 4.249071 
1 101.500000 648.438295 29.812182 680.414936 4.585064 
1 103.000000 648.438295 29.812182 680.081185 4.918815 
1 104.500000 648.438295 29.812182 679.748750 5.251250 
1 106.000000 648.438295 29.812182 679.417134 5.582866 
1 107.500000 648.438295 29.812182 679.086247 5.913753 
1 109.000000 648.438295 29.812182 678.756367 6.243633 
1 110.500000 648.438295 29.812182 678.428065 6.571935 
1 112.000000 648.438295 29.812182 678.102104 6.897896 
1 113.500000 648.438295 29.812182 677.779312 7.220688 
1 115.000000 648.438295 29.812182 677.460438 7.539562 
1 116.500000 648.438295 29.812182 677.146002 7.853998 
1 118.000000 648.438295 29.812182 676.836165 8.163835 
1 119.500000 648.438295 29.812182 676.530620 8.469380 
1 121.000000 648.438295 29.812182 676.228533 8.771467 
1 122.500000 648.438295 29.812182 675.928523 9.071477 
1 124.000000 648.438295 29.812182 675.628691 9.371309 
1 125.500000 648.438295 29.812182 675.326685 9.673315 
1 127.000000 648.438295 29.812182 675.019788 9.980212 
1 128.500000 648.438295 29.812182 674.705038 10.294962 
1 130.000000 648.438295 29.812182 674.379358 10.620642 
1 131.500000 648.438295 29.812182 674.039726 10.960274 
1 133.000000 648.438295 29.812182 673.683359 11.316641 
1 134.500000 648.438295 29.812182 673.307923 11.692077 
1 136.000000 648.438295 29.812182 672.911758 12.088242 
1 137.500000 648.438295 29.812182 672.494075 12.505925 
1 91.000000 650.875742 31.157780 682.238245 2.761755 
1 92.500000 650.875742 31.157780 681.855346 3.144654 
1 94.000000 650.875742 31.157780 681.489095 3.510905 
1 95.500000 650.875742 31.157780 681.136476 3.863524 
1 97.000000 650.875742 31.157780 680.794675 4.205325 
1 98.500000 650.875742 31.157780 680.461118 4.538882 
1 100.000000 650.875742 31.157780 680.133514 4.866486 
1 101.500000 650.875742 31.157780 679.809889 5.190111 
1 103.000000 650.875742 31.157780 679.488617 5.511383 
1 104.500000 650.875742 31.157780 679.168443 5.831557 
1 106.000000 650.875742 31.157780 678.848492 6.151508 
1 107.500000 650.875742 31.157780 678.528274 6.471726 
1 109.000000 650.875742 31.157780 678.207662 6.792338 
1 110.500000 650.875742 31.157780 677.886856 7.113144 
1 112.000000 650.875742 31.157780 677.566327 7.433673 
1 113.500000 650.875742 31.157780 677.246727 7.753273 
1 115.000000 650.875742 31.157780 676.928792 8.071208 
1 116.500000 650.875742 31.157780 676.613226 8.386774 
1 118.000000 650.875742 31.157780 676.300578 8.699422 
1 119.500000 650.875742 31.157780 675.991134 9.008866 
1 121.000000 650.875742 31.157780 675.684824 9.315176 
1 122.500000 650.875742 31.157780 675.381156 9.618844 
1 124.000000 650.875742 31.157780 675.079180 9.920820 
1 125.500000 650.875742 31.157780 674.777479 10.222521 
1 127.000000 650.875742 31.157780 674.474187 10.525813 
1 128.500000 650.875742 31.157780 674.167029 10.832971 
1 130.000000 650.875742 31.157780 673.853389 11.146611 
1 131.500000 650.875742 31.157780 673.530411 11.469589 
1 133.000000 650.875742 31.157780 673.195144 11.804856 
1 134.500000 650.875742 31.157780 672.844726 12.155274 
1 136.000000 650.875742 31.157780 672.476616 12.523384 
1 137.500000 650.875742 31.157780 672.088837 12.911163 
1 91.000000 653.313189 32.538029 681.530094 3.469906 
1 92.500000 653.313189 32.538029 681.156524 3.843476 
1 94.000000 653.313189 32.538029 680.800755 4.199245 
1 95.500000 653.313189 32.538029 680.459768 4.540232 
1 97.000000 653.313189 32.538029 680.130716 4.869284 
1 98.500000 653.313189 32.538029 679.810953 5.189047 
1 100.000000 653.313189 32.538029 679.498077 5.501923 
1 101.500000 653.313189 32.538029 679.189949 5.810051 
1 103.000000 653.313189 32.538029 678.884725 6.115275 
1 104.500000 653.313189 32.538029 678.580871 6.419129 
1 106.000000 653.313189 32.538029 678.277182 6.722818 
1 107.500000 653.313189 32.538029 677.972783 7.027217 
1 109.000000 653.313189 32.538029 677.667132 7.332868 
1 110.500000 653.313189 32.538029 677.360000 7.640000 
1 112.000000 653.313189 32.538029 677.051448 7.948552 
1 113.500000 653.313189 32.538029 676.741773 8.258227 
1 115.000000 653.313189 32.538029 676.431453 8.568547 
1 116.500000 653.313189 32.538029 676.121068 8.878932 
1 118.000000 653.313189 32.538029 675.811211 9.188789 
1 119.500000 653.313189 32.538029 675.502399 9.497601 
1 121.000000 653.313189 32.538029 675.194982 9.805018 
1 122.500000 653.313189 32.538029 674.889064 10.110936 
1 124.000000 653.313189 32.538029 674.584431 10.415569 
1 125.500000 653.313189 32.538029 674.280503 10.719497 
1 127.000000 653.313189 32.538029 673.976288 11.023712 
1 128.500000 653.313189 32.538029 673.670361 11.329639 
1 130.000000 653.313189 32.538029 673.360862 11.639138 
1 131.500000 653.313189 32.538029 673.045522 11.954478 
1 133.000000 653.313189 32.538029 672.721738 12.278262 
1 134.500000 653.313189 32.538029 672.386698 12.613302 
1 136.000000 653.313189 32.538029 672.037566 12.962434 
1 137.500000 653.313189 32.538029 671.671726 13.328274 
1 91.000000 655.750636 33.976036 680.784453 4.215547 
1 92.500000 655.750636 33.976036 680.422644 4.577356 
1 94.000000 655.750636 33.976036 680.080018 4.919982 
1 95.500000 655.750636 33.976036 679.753580 5.246420 
1 97.000000 655.750636 33.976036 679.440475 5.559525 
1 98.500000 655.750636 33.976036 679.138026 5.861974 
1 100.000000 655.750636 33.976036 678.843752 6.156248 
1 101.500000 655.750636 33.976036 678.555394 6.444606 
1 103.000000 655.750636 33.976036 678.270934 6.729066 
1 104.500000 655.750636 33.976036 677.988604 7.011396 
1 106.000000 655.750636 33.976036 677.706898 7.293102 
1 107.500000 655.750636 33.976036 677.424585 7.575415 
1 109.000000 655.750636 33.976036 677.140702 7.859298 
1 110.500000 655.750636 33.976036 676.854558 8.145442 
1 112.000000 655.750636 33.976036 676.565725 8.434275 
1 113.500000 655.750636 33.976036 676.274014 8.725986 
1 115.000000 655.750636 33.976036 675.979454 9.020546 
1 116.500000 655.750636 33.976036 675.682248 9.317752 
1 118.000000 655.750636 33.976036 675.382734 9.617266 
1 119.500000 655.750636 33.976036 675.081317 9.918683 
1 121.000000 655.750636 33.976036 674.778418 10.221582 
1 122.500000 655.750636 33.976036 674.474400 10.525600 
1 124.000000 655.750636 33.976036 674.169501 10.830499 
1 125.500000 655.750636 33.976036 673.863763 11.136237 
1 127.000000 655.750636 33.976036 673.556964 11.443036 
1 128.500000 655.750636 33.976036 673.248546 11.751454 
1 130.000000 655.750636 33.976036 672.937553 12.062447 
1 131.500000 655.750636 33.976036 672.622591 12.377409 
1 133.000000 655.750636 33.976036 672.301817 12.698183 
1 134.500000 655.750636 33.976036 671.972984 13.027016 
1 136.000000 655.750636 33.976036 671.633550 13.366450 
1 137.500000 655.750636 33.976036 671.280857 13.719143 
1 91.000000 658.188083 35.448660 679.993937 5.006063 
1 92.500000 658.188083 35.448660 679.647279 5.352721 
1 94.000000 658.188083 35.448660 679.321500 5.678500 
1 95.500000 658.188083 35.448660 679.013642 5.986358 
1 97.000000 658.188083 35.448660 678.720867 6.279133 
1 98.500000 658.188083 35.448660 678.440481 6.559519 
1 100.000000 658.188083 35.448660 678.169952 6.830048 
1 101.500000 658.188083 35.448660 677.906924 7.093076 
1 103.000000 658.188083 35.448660 677.649229 7.350771 
1 104.500000 658.188083 35.448660 677.394886 7.605114 
1 106.000000 658.188083 35.448660 677.142113 7.857887 
1 107.500000 658.188083 35.448660 676.889326 8.110674 
1 109.000000 658.188083 35.448660 676.635140 8.364860 
1 110.500000 658.188083 35.448660 676.378376 8.621624 
1 112.000000 658.188083 35.448660 676.118061 8.881939 
1 113.500000 658.188083 35.448660 675.853426 9.146574 
1 115.000000 658.188083 35.448660 675.583910 9.416090 
1 116.500000 658.188083 35.448660 675.309154 9.690846 
1 118.000000 658.188083 35.448660 675.028995 9.971005 
1 119.500000 658.188083 35.448660 674.743449 10.256551 
1 121.000000 658.188083 35.448660 674.452690 10.547310 
1 122.500000 658.188083 35.448660 674.157017 10.842983 
1 124.000000 658.188083 35.448660 673.856808 11.143192 
1 125.500000 658.188083 35.448660 673.552459 11.447541 
1 127.000000 658.188083 35.448660 673.244315 11.755685 
1 128.500000 658.188083 35.448660 672.932574 12.067426 
1 130.000000 658.188083 35.448660 672.617193 12.382807 
1 131.500000 658.188083 35.448660 672.297782 12.702218 
1 133.000000 658.188083 35.448660 671.973527 13.026473 
1 134.500000 658.188083 35.448660 671.643142 13.356858 
1 136.000000 658.188083 35.448660 671.304880 13.695120 
1 137.500000 658.188083 35.448660 670.956621 14.043379 
1 91.000000 660.625530 36.875935 679.150851 5.849149 
1 92.500000 660.625530 36.875935 678.823782 6.176218 
1 94.000000 660.625530 36.875935 678.519684 6.480316 
1 95.500000 660.625530 36.875935 678.235647 6.764353 
1 97.000000 660.625530 36.875935 677.968854 7.031146 
1 98.500000 660.625530 36.875935 677.716601 7.283399 
1 100.000000 660.625530 36.875935 677.476311 7.523689 
1 101.500000 660.625530 36.875935 677.245533 7.754467 
1 103.000000 660.625530 36.875935 677.021948 7.978052 
1 104.500000 660.625530 36.875935 676.803363 8.196637 
1 106.000000 660.625530 36.875935 676.587710 8.412290 
1 107.500000 660.625530 36.875935 676.373044 8.626956 
1 109.000000 660.625530 36.875935 676.157542 8.842458 
1 110.500000 660.625530 36.875935 675.939506 9.060494 
1 112.000000 660.625530 36.875935 675.717374 9.282626 
1 113.500000 660.625530 36.875935 675.489731 9.510269 
1 115.000000 660.625530 36.875935 675.255334 9.744666 
1 116.500000 660.625530 36.875935 675.013132 9.986868 
1 118.000000 660.625530 36.875935 674.762297 10.237703 
1 119.500000 660.625530 36.875935 674.502248 10.497752 
1 121.000000 660.625530 36.875935 674.232672 10.767328 
1 122.500000 660.625530 36.875935 673.953533 11.046467 
1 124.000000 660.625530 36.875935 673.665064 11.334936 
1 125.500000 660.625530 36.875935 673.367741 11.632259 
1 127.000000 660.625530 36.875935 673.062224 11.937776 
1 128.500000 660.625530 36.875935 672.749273 12.250727 
1 130.000000 660.625530 36.875935 672.429636 12.570364 
1 131.500000 660.625530 36.875935 672.103911 12.896089 
1 133.000000 660.625530 36.875935 671.772415 13.227585 
1 134.500000 660.625530 36.875935 671.435050 13.564950 
1 136.000000 660.625530 36.875935 671.091225 13.908775 
1 137.500000 660.625530 36.875935 670.739831 14.260169 
1 91.000000 663.062977 38.219775 678.247745 6.752255 
1 92.500000 663.062977 38.219775 677.945773 7.054227 
1 94.000000 663.062977 38.219775 677.669340 7.330660 
1 95.500000 663.062977 38.219775 677.415580 7.584420 
1 97.000000 663.062977 38.219775 677.181691 7.818309 
1 98.500000 663.062977 38.219775 676.964949 8.035051 
1 100.000000 663.062977 38.219775 676.762710 8.237290 
1 101.500000 663.062977 38.219775 676.572407 8.427593 
1 103.000000 663.062977 38.219775 676.391544 8.608456 
1 104.500000 663.062977 38.219775 676.217683 8.782317 
1 106.000000 663.062977 38.219775 676.048441 8.951559 
1 107.500000 663.062977 38.219775 675.881476 9.118524 
1 109.000000 663.062977 38.219775 675.714489 9.285511 
1 110.500000 663.062977 38.219775 675.545228 9.454772 
1 112.000000 663.062977 38.219775 675.371502 9.628498 
1 113.500000 663.062977 38.219775 675.191210 9.808790 
1 115.000000 663.062977 38.219775 675.002369 9.997631 
1 116.500000 663.062977 38.219775 674.803172 10.196828 
1 118.000000 663.062977 38.219775 674.592036 10.407964 
1 119.500000 663.062977 38.219775 674.367667 10.632333 
1 121.000000 663.062977 38.219775 674.129114 10.870886 
1 122.500000 663.062977 38.219775 673.875825 11.124175 
1 124.000000 663.062977 38.219775 673.607677 11.392323 
1 125.500000 663.062977 38.219775 673.324985 11.675015 
1 127.000000 663.062977 38.219775 673.028481 11.971519 
1 128.500000 663.062977 38.219775 672.719247 12.280753 
1 130.000000 663.062977 38.219775 672.398616 12.601384 
1 131.500000 663.062977 38.219775 672.068030 12.931970 
1 133.000000 663.062977 38.219775 671.728867 13.271133 
1 134.500000 663.062977 38.219775 671.382268 13.617732 
1 136.000000 663.062977 38.219775 671.028968 13.971032 
1 137.500000 663.062977 38.219775 670.669175 14.330825 
1 91.000000 665.500424 39.524857 677.278728 7.721272 
1 92.500000 665.500424 39.524857 677.008325 7.991675 
1 94.000000 665.500424 39.524857 676.766565 8.233435 
1 95.500000 665.500424 39.524857 676.550608 8.449392 
1 97.000000 665.500424 39.524857 676.357642 8.642358 
1 98.500000 665.500424 39.524857 676.184888 8.815112 
1 100.000000 665.500424 39.524857 676.029594 8.970406 
1 101.500000 665.500424 39.524857 675.889026 9.110974 
1 103.000000 665.500424 39.524857 675.760453 9.239547 
1 104.500000 665.500424 39.524857 675.641136 9.358864 
1 106.000000 665.500424 39.524857 675.528313 9.471687 
1 107.500000 665.500424 39.524857 675.419188 9.580812 
1 109.000000 665.500424 39.524857 675.310937 9.689063 
1 110.500000 665.500424 39.524857 675.200710 9.799290 
1 112.000000 665.500424 39.524857 675.085657 9.914343 
1 113.500000 665.500424 39.524857 674.962965 10.037035 
1 115.000000 665.500424 39.524857 674.829904 10.170096 
1 116.500000 665.500424 39.524857 674.683901 10.316099 
1 118.000000 665.500424 39.524857 674.522607 10.477393 
1 119.500000 665.500424 39.524857 674.343992 10.656008 
1 121.000000 665.500424 39.524857 674.146424 10.853576 
1 122.500000 665.500424 39.524857 673.928756 11.071244 
1 124.000000 665.500424 39.524857 673.690392 11.309608 
1 125.500000 665.500424 39.524857 673.431329 11.568671 
1 127.000000 665.500424 39.524857 673.152171 11.847829 
1 128.500000 665.500424 39.524857 672.854091 12.145909 
1 130.000000 665.500424 39.524857 672.538763 12.461237 
1 131.500000 665.500424 39.524857 672.208229 12.791771 
1 133.000000 665.500424 39.524857 671.864731 13.135269 
1 134.500000 665.500424 39.524857 671.510513 13.489487 
1 136.000000 665.500424 39.524857 671.147603 13.852397 
1 137.500000 665.500424 39.524857 670.777619 14.222381 
1 91.000000 667.937871 40.841911 676.242235 8.757765 
1 92.500000 667.937871 40.841911 676.010513 8.989487 
1 94.000000 667.937871 40.841911 675.811091 9.188909 
1 95.500000 667.937871 40.841911 675.641124 9.358876 
1 97.000000 667.937871 40.841911 675.497743 9.502257 
1 98.500000 667.937871 40.841911 675.378051 9.621949 
1 100.000000 667.937871 40.841911 675.279119 9.720881 
1 101.500000 667.937871 40.841911 675.197966 9.802034 
1 103.000000 667.937871 40.841911 675.131546 9.868454 
1 104.500000 667.937871 40.841911 675.076730 9.923270 
1 106.000000 667.937871 40.841911 675.030296 9.969704 
1 107.500000 667.937871 40.841911 674.988924 10.011076 
1 109.000000 667.937871 40.841911 674.949203 10.050797 
1 110.500000 667.937871 40.841911 674.907648 10.092352 
1 112.000000 667.937871 40.841911 674.860734 10.139266 
1 113.500000 667.937871 40.841911 674.804945 10.195055 
1 115.000000 667.937871 40.841911 674.736841 10.263159 
1 116.500000 667.937871 40.841911 674.653131 10.346869 
1 118.000000 667.937871 40.841911 674.550772 10.449228 
1 119.500000 667.937871 40.841911 674.427066 10.572934 
1 121.000000 667.937871 40.841911 674.279758 10.720242 
1 122.500000 667.937871 40.841911 674.107143 10.892857 
1 124.000000 667.937871 40.841911 673.908142 11.091858 
1 125.500000 667.937871 40.841911 673.682378 11.317622 
1 127.000000 667.937871 40.841911 673.430203 11.569797 
1 128.500000 667.937871 40.841911 673.152706 11.847294 
1 130.000000 667.937871 40.841911 672.851659 12.148341 
1 131.500000 667.937871 40.841911 672.529427 12.470573 
1 133.000000 667.937871 40.841911 672.188819 12.811181 
1 134.500000 667.937871 40.841911 671.832900 13.167100 
1 136.000000 667.937871 40.841911 671.464766 13.535234 
1 137.500000 667.937871 40.841911 671.087307 13.912693 
1 91.000000 670.375318 42.202136 675.146320 9.853680 
1 92.500000 670.375318 42.202136 674.960383 10.039617 
1 94.000000 670.375318 42.202136 674.810916 10.189084 
1 95.500000 670.375318 42.202136 674.695008 10.304992 
1 97.000000 670.375318 42.202136 674.609657 10.390343 
1 98.500000 670.375318 42.202136 674.551764 10.448236 
1 100.000000 670.375318 42.202136 674.518125 10.481875 
1 101.500000 670.375318 42.202136 674.505410 10.494590 
1 103.000000 670.375318 42.202136 674.510148 10.489852 
1 104.500000 670.375318 42.202136 674.528722 10.471278 
1 106.000000 670.375318 42.202136 674.557359 10.442641 
1 107.500000 670.375318 42.202136 674.592140 10.407860 
1 109.000000 670.375318 42.202136 674.629019 10.370981 
1 110.500000 670.375318 42.202136 674.663857 10.336143 
1 112.000000 670.375318 42.202136 674.692470 10.307530 
1 113.500000 670.375318 42.202136 674.710695 10.289305 
1 115.000000 670.375318 42.202136 674.714464 10.285536 
1 116.500000 670.375318 42.202136 674.699896 10.300104 
1 118.000000 670.375318 42.202136 674.663395 10.336605 
1 119.500000 670.375318 42.202136 674.601750 10.398250 
1 121.000000 670.375318 42.202136 674.512242 10.487758 
1 122.500000 670.375318 42.202136 674.392739 10.607261 
1 124.000000 670.375318 42.202136 674.241785 10.758215 
1 125.500000 670.375318 42.202136 674.058670 10.941330 
1 127.000000 670.375318 42.202136 673.843482 11.156518 
1 128.500000 670.375318 42.202136 673.597117 11.402883 
1 130.000000 670.375318 42.202136 673.321265 11.678735 
1 131.500000 670.375318 42.202136 673.018350 11.981650 
1 133.000000 670.375318 42.202136 672.691416 12.308584 
1 134.500000 670.375318 42.202136 672.343978 12.656022 
1 136.000000 670.375318 42.202136 671.979821 13.020179 
1 137.500000 670.375318 42.202136 671.602772 13.397228 
1 91.000000 672.812765 43.677116 674.017555 10.982445 
1 92.500000 672.812765 43.677116 673.883534 11.116466 
1 94.000000 672.812765 43.677116 673.790509 11.209491 
1 95.500000 672.812765 43.677116 673.735418 11.264582 
1 97.000000 672.812765 43.677116 673.715026 11.284974 
1 98.500000 672.812765 43.677116 673.725925 11.274075 
1 100.000000 672.812765 43.677116 673.764512 11.235488 
1 101.500000 672.812765 43.677116 673.826989 11.173011 
1 103.000000 672.812765 43.677116 673.909349 11.090651 
1 104.500000 672.812765 43.677116 674.007380 10.992620 
1 106.000000 672.812765 43.677116 674.116678 10.883322 
1 107.500000 672.812765 43.677116 674.232674 10.767326 
1 109.000000 672.812765 43.677116 674.350669 10.649331 
1 110.500000 672.812765 43.677116 674.465895 10.534105 
1 112.000000 672.812765 43.677116 674.573575 10.426425 
1 113.500000 672.812765 43.677116 674.669009 10.330991 
1 115.000000 672.812765 43.677116 674.747657 10.252343 
1 116.500000 672.812765 43.677116 674.805235 10.194765 
1 118.000000 672.812765 43.677116 674.837810 10.162190 
1 119.500000 672.812765 43.677116 674.841893 10.158107 
1 121.000000 672.812765 43.677116 674.814532 10.185468 
1 122.500000 672.812765 43.677116 674.753392 10.246608 
1 124.000000 672.812765 43.677116 674.656830 10.343170 
1 125.500000 672.812765 43.677116 674.523950 10.476050 
1 127.000000 672.812765 43.677116 674.354650 10.645350 
1 128.500000 672.812765 43.677116 674.149637 10.850363 
1 130.000000 672.812765 43.677116 673.910424 11.089576 
1 131.500000 672.812765 43.677116 673.639297 11.360703 
1 133.000000 672.812765 43.677116 673.339243 11.660757 
1 134.500000 672.812765 43.677116 673.013843 11.986157 
1 136.000000 672.812765 43.677116 672.667124 12.332876 
1 137.500000 672.812765 43.677116 672.303369 12.696631 
1 91.000000 675.250212 44.781208 672.913509 12.086491 
1 92.500000 675.250212 44.781208 672.835460 12.164540 
1 94.000000 675.250212 44.781208 672.802981 12.197019 
1 95.500000 675.250212 44.781208 672.812748 12.187252 
1 97.000000 675.250212 44.781208 672.861177 12.138823 
1 98.500000 675.250212 44.781208 672.944415 12.055585 
1 100.000000 675.250212 44.781208 673.058341 11.941659 
1 101.500000 675.250212 44.781208 673.198562 11.801438 
1 103.000000 675.250212 44.781208 673.360431 11.639569 
1 104.500000 675.250212 44.781208 673.539064 11.460936 
1 106.000000 675.250212 44.781208 673.729379 11.270621 
1 107.500000 675.250212 44.781208 673.926148 11.073852 
1 109.000000 675.250212 44.781208 674.124061 10.875939 
1 110.500000 675.250212 44.781208 674.317806 10.682194 
1 112.000000 675.250212 44.781208 674.502150 10.497850 
1 113.500000 675.250212 44.781208 674.672035 10.327965 
1 115.000000 675.250212 44.781208 674.822668 10.177332 
1 116.500000 675.250212 44.781208 674.949614 10.050386 
1 118.000000 675.250212 44.781208 675.048877 9.951123 
1 119.500000 675.250212 44.781208 675.116976 9.883024 
1 121.000000 675.250212 44.781208 675.151017 9.848983 
1 122.500000 675.250212 44.781208 675.148738 9.851262 
1 124.000000 675.250212 44.781208 675.108565 9.891435 
1 125.500000 675.250212 44.781208 675.029635 9.970365 
1 127.000000 675.250212 44.781208 674.911821 10.088179 
1 128.500000 675.250212 44.781208 674.755742 10.244258 
1 130.000000 675.250212 44.781208 674.562753 10.437247 
1 131.500000 675.250212 44.781208 674.334924 10.665076 
1 133.000000 675.250212 44.781208 674.074995 10.925005 
1 134.500000 675.250212 44.781208 673.786312 11.213688 
1 136.000000 675.250212 44.781208 673.472732 11.527268 
1 137.500000 675.250212 44.781208 673.138494 11.861506 
1 91.000000 677.687659 45.011457 671.935065 13.064935 
1 92.500000 677.687659 45.011457 671.914309 13.085691 
1 94.000000 677.687659 45.011457 671.943248 13.056752 
1 95.500000 677.687659 45.011457 672.018175 12.981825 
1 97.000000 677.687659 45.011457 672.135021 12.864979 
1 98.500000 677.687659 45.011457 672.289360 12.710640 
1 100.000000 677.687659 45.011457 672.476430 12.523570 
1 101.500000 677.687659 45.011457 672.691149 12.308851 
1 103.000000 677.687659 45.011457 672.928160 12.071840 
1 104.500000 677.687659 45.011457 673.181875 11.818125 
1 106.000000 677.687659 45.011457 673.446550 11.553450 
1 107.500000 677.687659 45.011457 673.716361 11.283639 
1 109.000000 677.687659 45.011457 673.985501 11.014499 
1 110.500000 677.687659 45.011457 674.248274 10.751726 
1 112.000000 677.687659 45.011457 674.499197 10.500803 
1 113.500000 677.687659 45.011457 674.733099 10.266901 
1 115.000000 677.687659 45.011457 674.945207 10.054793 
1 116.500000 677.687659 45.011457 675.131225 9.868775 
1 118.000000 677.687659 45.011457 675.287400 9.712600 
1 119.500000 677.687659 45.011457 675.410568 9.589432 
1 121.000000 677.687659 45.011457 675.498193 9.501807 
1 122.500000 677.687659 45.011457 675.548384 9.451616 
1 124.000000 677.687659 45.011457 675.559907 9.440093 
1 125.500000 677.687659 45.011457 675.532189 9.467811 
1 127.000000 677.687659 45.011457 675.465306 9.534694 
1 128.500000 677.687659 45.011457 675.359968 9.640032 
1 130.000000 677.687659 45.011457 675.217505 9.782495 
1 131.500000 677.687659 45.011457 675.039830 9.960170 
1 133.000000 677.687659 45.011457 674.829413 10.170587 
1 134.500000 677.687659 45.011457 674.589233 10.410767 
1 136.000000 677.687659 45.011457 674.322721 10.677279 
1 137.500000 677.687659 45.011457 674.033688 10.966312 
1 91.000000 680.125106 45.159182 671.228887 13.771113 
1 92.500000 680.125106 45.159182 671.264546 13.735454 
1 94.000000 680.125106 45.159182 671.352942 13.647058 
1 95.500000 680.125106 45.159182 671.489847 13.510153 
1 97.000000 680.125106 45.159182 671.670579 13.329421 
1 98.500000 680.125106 45.159182 671.890030 13.109970 
1 100.000000 680.125106 45.159182 672.142709 12.857291 
1 101.500000 680.125106 45.159182 672.422798 12.577202 
1 103.000000 680.125106 45.159182 672.724218 12.275782 
1 104.500000 680.125106 45.159182 673.040724 11.959276 
1 106.000000 680.125106 45.159182 673.366000 11.634000 
1 107.500000 680.125106 45.159182 673.693772 11.306228 
1 109.000000 680.125106 45.159182 674.017924 10.982076 
1 110.500000 680.125106 45.159182 674.332606 10.667394 
1 112.000000 680.125106 45.159182 674.632346 10.367654 
1 113.500000 680.125106 45.159182 674.912137 10.087863 
1 115.000000 680.125106 45.159182 675.167516 9.832484 
1 116.500000 680.125106 45.159182 675.394619 9.605381 
1 118.000000 680.125106 45.159182 675.590218 9.409782 
1 119.500000 680.125106 45.159182 675.751742 9.248258 
1 121.000000 680.125106 45.159182 675.877274 9.122726 
1 122.500000 680.125106 45.159182 675.965543 9.034457 
1 124.000000 680.125106 45.159182 676.015902 8.984098 
1 125.500000 680.125106 45.159182 676.028296 8.971704 
1 127.000000 680.125106 45.159182 676.003228 8.996772 
1 128.500000 680.125106 45.159182 675.941725 9.058275 
1 130.000000 680.125106 45.159182 675.845291 9.154709 
1 131.500000 680.125106 45.159182 675.715870 9.284130 
1 133.000000 680.125106 45.159182 675.555800 9.444200 
1 134.500000 680.125106 45.159182 675.367775 9.632225 
1 136.000000 680.125106 45.159182 675.154794 9.845206 
1 137.500000 680.125106 45.159182 674.920120 10.079880 
1 91.000000 682.562553 45.277426 670.966978 14.033022 
1 92.500000 682.562553 45.277426 671.057981 13.942019 
1 94.000000 682.562553 45.277426 671.203046 13.796954 
1 95.500000 682.562553 45.277426 671.397297 13.602703 
1 97.000000 682.562553 45.277426 671.635339 13.364661 
1 98.500000 682.562553 45.277426 671.911314 13.088686 
1 100.000000 682.562553 45.277426 672.218979 12.781021 
1 101.500000 682.562553 45.277426 672.551800 12.448200 
1 103.000000 682.562553 45.277426 672.903057 12.096943 
1 104.500000 682.562553 45.277426 673.265974 11.734026 
1 106.000000 682.562553 45.277426 673.633840 11.366160 
1 107.500000 682.562553 45.277426 674.000150 10.999850 
1 109.000000 682.562553 45.277426 674.358727 10.641273 
1 110.500000 682.562553 45.277426 674.703837 10.296163 
1 112.000000 682.562553 45.277426 675.030291 9.969709 
1 113.500000 682.562553 45.277426 675.333514 9.666486 
1 115.000000 682.562553 45.277426 675.609604 9.390396 
1 116.500000 682.562553 45.277426 675.855355 9.144645 
1 118.000000 682.562553 45.277426 676.068268 8.931732 
1 119.500000 682.562553 45.277426 676.246537 8.753463 
1 121.000000 682.562553 45.277426 676.389021 8.610979 
1 122.500000 682.562553 45.277426 676.495205 8.504795 
1 124.000000 682.562553 45.277426 676.565155 8.434845 
1 125.500000 682.562553 45.277426 676.599468 8.400532 
1 127.000000 682.562553 45.277426 676.599220 8.400780 
1 128.500000 682.562553 45.277426 676.565908 8.434092 
1 130.000000 682.562553 45.277426 676.501401 8.498599 
1 131.500000 682.562553 45.277426 676.407882 8.592118 
1 133.000000 682.562553 45.277426 676.287790 8.712210 
1 134.500000 682.562553 45.277426 676.143767 8.856233 
1 136.000000 682.562553 45.277426 675.978604 9.021396 
1 137.500000 682.562553 45.277426 675.795191 9.204809 
1 91.000000 685.000000 45.366969 671.298928 13.701072 
1 92.500000 685.000000 45.366969 671.446348 13.553652 
1 94.000000 685.000000 45.366969 671.647035 13.352965 
1 95.500000 685.000000 45.366969 671.895379 13.104621 
1 97.000000 685.000000 45.366969 672.185228 12.814772 
1 98.500000 685.000000 45.366969 672.509984 12.490016 
1 100.000000 685.000000 45.366969 672.862716 12.137284 
1 101.500000 685.000000 45.366969 673.236296 11.763704 
1 103.000000 685.000000 45.366969 673.623538 11.376462 
1 104.500000 685.000000 45.366969 674.017353 10.982647 
1 106.000000 685.000000 45.366969 674.410895 10.589105 
1 107.500000 685.000000 45.366969 674.797700 10.202300 
1 109.000000 685.000000 45.366969 675.171814 9.828186 
1 110.500000 685.000000 45.366969 675.527887 9.472113 
1 112.000000 685.000000 45.366969 675.861256 9.138744 
1 113.500000 685.000000 45.366969 676.167989 8.832011 
1 115.000000 685.000000 45.366969 676.444909 8.555091 
1 116.500000 685.000000 45.366969 676.689588 8.310412 
1 118.000000 685.000000 45.366969 676.900325 8.099675 
1 119.500000 685.000000 45.366969 677.076110 7.923890 
1 121.000000 685.000000 45.366969 677.216571 7.783429 
1 122.500000 685.000000 45.366969 677.321919 7.678081 
1 124.000000 685.000000 45.366969 677.392890 7.607110 
1 125.500000 685.000000 45.366969 677.430689 7.569311 
1 127.000000 685.000000 45.366969 677.436927 7.563073 
1 128.500000 685.000000 45.366969 677.413569 7.586431 
1 130.000000 685.000000 45.366969 677.362877 7.637123 
1 131.500000 685.000000 45.366969 677.287352 7.712648 
1 133.000000 685.000000 45.366969 677.189672 7.810328 
1 134.500000 685.000000 45.366969 677.072628 7.927372 
1 136.000000 685.000000 45.366969 676.939062 8.060938 
1 137.500000 685.000000 45.366969 676.791794 8.208206 
